38.46     4
38.46     8
38.46     16
38.46     32
38.46     50
38.46     51
38.46     52
38.46     53
38.46     54
38.46     55
38.46     56
38.46     57
38.46     58
38.46     59
38.46     60
38.46     61
38.46     62
38.46     63
38.46     64
38.46     65
38.46     66
38.46     67
38.46     68
38.46     69
38.46     70
38.46     71
38.46     72
38.46     73
38.46     74
38.46     75
38.46     76
38.46     1
38.46     2
38.46     4
38.46     8
38.46     16
38.46     32
38.46     38
38.46     39
38.46     40
38.46     41
38.46     42
38.46     43
38.46     44
38.46     45
38.46     46
38.46     47
38.46     48
38.46     49
38.46     50
38.46     51
38.46     52
38.46     53
38.46     54
38.46     55
38.46     56
38.46     57
38.46     58
38.46     59
38.46     60
38.46     61
38.46     62
38.46     63
38.46     64
38.46     65
38.46     66
38.46     67
38.46     68
38.46     69
38.46     70
38.46     71
38.46     72
38.46     73
38.46     74
38.46     75
38.46     76
38.46     77
38.46     78
38.46     79
38.46     80
38.46     81
38.46     82
38.46     83
38.46     84
38.46     85
38.46     86
38.46     87
38.46     88
38.46     89
38.46     90
38.46     91
38.54     92
38.54     1
38.54     2
38.54     4
38.54     8
38.54     16
38.54     32
38.54     46
38.54     47
38.54     48
38.54     49
38.54     50
38.54     51
38.54     52
38.54     53
38.54     54
38.54     55
38.54     56
38.54     57
38.54     58
38.54     59
38.54     60
38.54     61
38.54     62
38.54     63
38.54     64
38.54     65
38.54     66
38.54     67
38.54     68
38.54     69
38.54     70
38.54     71
38.54     72
38.54     73
38.54     74
38.54     75
38.54     76
38.54     77
38.54     78
38.54     79
38.54     80
38.54     81
38.54     82
38.54     83
38.54     84
38.54     85
38.54     86
38.54     87
38.54     88
38.54     89
38.54     90
38.54     91
38.54     92
38.54     93
38.54     94
38.54     95
38.54     96
38.54     97
38.54     98
38.54     99
38.54     100
38.54     1
38.54     2
38.54     4
38.54     8
38.54     16
38.54     32
38.54     50
38.54     51
38.57     52
38.58     53
38.58     54
38.58     55
38.58     56
38.58     57
38.58     58
38.58     59
38.58     60
38.58     61
38.58     62
38.58     63
38.58     64
38.58     65
38.58     66
38.58     67
38.58     68
38.58     69
38.58     70
38.58     71
38.58     72
38.58     73
38.58     74
38.58     75
38.58     76
38.58     77
38.58     78
38.58     79
38.58     80
38.58     81
38.58     82
38.58     83
38.58     84
38.58     85
38.58     86
38.58     87
38.58     88
38.58     89
38.58     90
38.58     91
38.58     92
38.58     93
38.58     94
38.58     95
38.58     96
38.58     97
38.58     98
38.58     99
38.58     100
38.58     1
38.58     2
38.58     4
38.58     8
38.58     16
38.58     32
38.58     50
38.58     51
38.58     52
38.58     53
39.4     54
39.4     55
39.4     56
39.4     57
39.4     58
39.4     59
39.4     60
39.4     61
39.4     62
39.4     63
39.4     64
39.4     65
39.4     66
39.4     67
39.4     68
39.4     69
39.4     70
39.4     71
39.4     72
39.4     73
39.4     74
39.4     75
39.4     76
39.4     77
39.4     78
39.4     79
39.4     80
39.4     81
39.4     82
39.4     83
39.4     84
39.4     85
39.4     86
39.4     87
39.4     88
39.4     89
39.4     90
39.4     91
39.4     92
39.4     93
39.4     94
39.4     95
39.4     96
39.4     97
39.4     98
39.4     99
39.4     100
39.4     1
39.5     2
39.5     4
39.5     8
39.5     16
39.5     32
39.5     50
39.5     51
39.13     52
39.13     53
39.13     54
39.13     55
39.13     56
39.13     57
39.13     58
39.13     59
39.13     60
39.13     61
39.13     62
39.13     63
39.13     64
39.13     65
39.13     66
39.13     67
39.13     68
39.13     69
39.13     70
39.13     71
39.13     72
39.13     73
39.13     74
39.13     75
39.13     76
39.13     77
39.13     78
39.13     79
39.13     80
39.13     81
39.13     82
39.13     83
39.13     84
39.13     85
39.13     86
39.13     87
39.13     88
39.13     89
39.13     90
39.13     91
39.13     92
39.13     93
39.13     94
39.13     95
39.13     96
39.13     97
39.13     98
39.13     99
39.13     100
39.13     1
39.20     2
39.20     4
39.20     8
39.20     16
39.20     32
39.20     50
39.20     51
39.20     52
39.20     53
39.20     54
39.20     55
39.20     56
39.20     57
39.20     58
39.20     59
39.20     60
39.20     61
39.20     62
39.20     63
39.20     64
39.20     65
39.20     66
39.20     67
39.20     68
39.20     69
39.20     70
39.20     71
39.20     72
39.20     73
39.20     74
39.20     75
39.20     76
39.20     77
39.20     78
39.20     79
39.20     80
39.20     81
39.20     82
39.20     83
39.20     84
39.20     85
39.20     86
39.20     87
39.20     88
39.20     89
39.20     90
39.20     91
39.20     92
39.20     93
39.20     94
39.20     95
39.20     96
39.20     97
39.20     98
39.20     99
39.20     100
39.20     1
39.20     2
39.20     4
39.20     8
39.20     16
39.20     32
39.23     50
39.23     51
39.23     52
39.23     53
39.23     54
39.23     55
39.23     56
39.23     57
39.23     58
39.23     59
39.23     60
39.23     61
39.23     62
39.23     63
39.23     64
39.23     65
39.23     66
39.23     67
39.23     68
39.23     69
39.23     70
39.23     71
39.23     72
39.23     73
39.23     74
39.23     75
39.23     76
39.23     77
39.23     78
39.23     79
39.23     80
39.23     81
39.23     82
39.23     83
39.23     84
39.23     85
39.23     86
39.23     87
39.23     88
39.23     89
39.23     90
39.23     91
39.23     92
39.23     93
39.23     94
39.23     95
39.23     96
39.23     97
39.23     98
39.23     99
39.23     100
39.23     1
39.23     2
39.23     4
39.23     8
39.23     16
39.23     32
39.26     50
39.26     51
39.26     52
39.26     53
39.26     54
39.26     55
39.26     56
39.26     57
39.26     58
39.26     59
39.26     60
39.26     61
39.26     62
39.26     63
39.26     64
39.26     65
39.26     66
39.26     67
39.26     68
39.26     69
39.26     70
39.26     71
39.26     72
39.26     73
39.26     74
39.26     75
39.26     76
39.26     77
39.26     78
39.26     79
39.26     80
39.26     81
39.26     82
39.26     83
39.26     84
39.26     85
39.26     86
39.26     87
39.26     88
39.26     89
39.26     90
39.26     91
39.26     92
39.26     93
39.26     94
39.26     95
39.26     96
39.26     97
39.26     98
39.26     99
39.26     100
39.26     1
39.26     2
39.26     4
39.26     8
39.26     16
39.26     32
39.29     50
39.29     51
39.29     52
39.29     53
39.29     54
39.29     55
39.29     56
39.29     57
39.29     58
39.29     59
39.29     60
39.29     61
39.29     62
39.29     63
39.29     64
39.29     65
39.29     66
39.29     67
39.29     68
39.29     69
39.29     70
39.29     71
39.29     72
39.29     73
39.29     74
39.29     75
39.29     76
39.29     77
39.29     78
39.29     79
39.29     80
39.29     81
39.29     82
39.29     83
39.29     84
39.29     85
39.29     86
39.29     87
39.29     88
39.29     89
39.29     90
39.29     91
39.29     92
39.29     93
39.29     94
39.29     95
39.29     96
39.29     97
39.29     98
39.29     99
39.29     100
39.29     1
39.29     2
39.29     4
39.29     8
39.29     16
39.29     32
39.29     50
39.29     51
39.29     52
39.32     53
39.32     54
39.32     55
39.32     56
39.32     57
39.32     58
39.32     59
39.32     60
39.32     61
39.32     62
39.32     63
39.32     64
39.32     65
39.32     66
39.32     67
39.32     68
39.32     69
39.32     70
39.32     71
39.32     72
39.32     73
39.32     74
39.32     75
39.32     76
39.32     77
39.32     78
39.32     79
39.32     80
39.32     81
39.32     82
39.32     83
39.32     84
39.32     85
39.32     86
39.32     87
39.32     88
39.32     89
39.32     90
39.32     91
39.33     92
39.33     93
39.33     94
39.33     95
39.33     96
39.33     97
39.33     98
39.33     99
39.33     100
